0 0.568636 0.181326 0.014894 0.021470
0 0.710078 0.617419 0.014491 0.022912
0 0.652397 0.383750 0.014939 0.020287
0 0.659003 0.397473 0.015359 0.020671
0 0.610963 0.429585 0.014897 0.020226
0 0.617675 0.443117 0.015106 0.020735
0 0.569690 0.475899 0.014756 0.020811
0 0.576717 0.488965 0.014623 0.020442
0 0.528169 0.522113 0.014657 0.020494
0 0.534725 0.535680 0.014937 0.021073
0 0.487015 0.567689 0.014874 0.020854
0 0.494092 0.581059 0.014763 0.020284
0 0.445808 0.614015 0.014903 0.020707
0 0.452327 0.627620 0.014868 0.021021
0 0.404456 0.659566 0.014610 0.020503
0 0.411020 0.673460 0.015079 0.021073
0 0.361960 0.706803 0.015288 0.021918
0 0.368945 0.720434 0.014878 0.020942
