0 0.373641 0.247793 0.008241 0.019494
0 0.532266 0.261744 0.008123 0.019317
0 0.543632 0.261172 0.008064 0.019668
0 0.692591 0.325415 0.013616 0.012073
0 0.533390 0.339366 0.008204 0.019598
0 0.544699 0.338867 0.008241 0.019546
0 0.546043 0.415338 0.007934 0.019421
0 0.534832 0.416268 0.008157 0.019329
0 0.547397 0.493646 0.008584 0.019024
0 0.535962 0.493921 0.008239 0.019146
0 0.537457 0.570991 0.008231 0.019573
0 0.548586 0.570204 0.008620 0.019610
0 0.538596 0.648384 0.008133 0.019610
0 0.549870 0.647945 0.008669 0.019463
0 0.539738 0.724985 0.008157 0.020085
0 0.551232 0.724857 0.008547 0.020122
0 0.541243 0.804447 0.008533 0.020284
0 0.552610 0.803985 0.008592 0.019537
