0 0.335749 0.734076 0.013068 0.012591
0 0.654777 0.813918 0.008231 0.020598
0 0.496128 0.798979 0.008060 0.019756
0 0.484825 0.799451 0.008076 0.019848
0 0.495266 0.721771 0.007995 0.019817
0 0.483930 0.721966 0.008155 0.019634
0 0.494381 0.644224 0.008036 0.019448
0 0.482989 0.644909 0.008076 0.019482
0 0.481981 0.566396 0.008360 0.019360
0 0.493228 0.566512 0.008056 0.019634
0 0.481110 0.490040 0.008076 0.019085
0 0.492476 0.489329 0.008117 0.019665
0 0.491400 0.411945 0.008060 0.019610
0 0.480235 0.412201 0.008133 0.019537
0 0.479225 0.335006 0.008360 0.019604
0 0.490720 0.335174 0.008015 0.019878
0 0.478129 0.256433 0.007946 0.019134
0 0.489631 0.255994 0.008109 0.019207
