0 0.377364 0.288299 0.008718 0.019610
0 0.324619 0.768244 0.013231 0.012409
0 0.333969 0.512655 0.013393 0.012256
0 0.334203 0.529622 0.013271 0.012348
0 0.385438 0.511180 0.013149 0.012012
0 0.385684 0.528201 0.012784 0.012409
0 0.436498 0.509244 0.013109 0.011646
0 0.437190 0.526207 0.012987 0.011921
0 0.488878 0.507582 0.013088 0.012317
0 0.488890 0.524567 0.012804 0.011738
0 0.539771 0.505985 0.013048 0.012134
0 0.540282 0.522957 0.012946 0.011677
0 0.591451 0.504241 0.012865 0.011738
0 0.591608 0.521244 0.013005 0.011829
0 0.642758 0.502768 0.013231 0.012317
0 0.642595 0.520082 0.013028 0.012043
0 0.695014 0.500988 0.012703 0.011616
0 0.695276 0.517948 0.012987 0.011890
