1 0.444857 0.380423 0.006069 0.014435
1 0.453234 0.414794 0.006684 0.015180
1 0.430696 0.513029 0.006836 0.014874
0 0.436876 0.535724 0.020553 0.016752
1 0.506369 0.589332 0.008630 0.021346
1 0.539231 0.494256 0.006163 0.014230
1 0.524831 0.473097 0.006279 0.014312
1 0.568896 0.490856 0.006591 0.014719
1 0.560153 0.490775 0.006504 0.014629
1 0.589475 0.459980 0.005854 0.014719
1 0.570055 0.464549 0.005086 0.014052
1 0.569607 0.437886 0.007010 0.015191
1 0.571039 0.411142 0.004983 0.015281
1 0.564196 0.383257 0.010765 0.008753
1 0.542480 0.375692 0.011082 0.008871
1 0.542744 0.363690 0.011235 0.008216
