1 0.426703 0.617839 0.011453 0.009469
1 0.401219 0.631736 0.011339 0.004276
1 0.500723 0.646649 0.010988 0.008405
0 0.517602 0.637779 0.012409 0.027998
1 0.557087 0.545206 0.016387 0.012029
1 0.470165 0.521783 0.010937 0.008912
1 0.486316 0.502685 0.010390 0.007843
1 0.483724 0.474293 0.011028 0.009021
1 0.483644 0.462356 0.010668 0.007748
1 0.463262 0.462208 0.011012 0.008668
1 0.443146 0.461629 0.011065 0.008941
1 0.422787 0.461782 0.011029 0.009083
1 0.401789 0.469714 0.006708 0.014392
1 0.396528 0.499127 0.006810 0.014333
1 0.387171 0.499123 0.006952 0.014150
