0 0.458483 0.363648 0.012618 0.028181
1 0.419505 0.457846 0.017034 0.012462
1 0.475385 0.354780 0.011377 0.009348
1 0.549743 0.383057 0.010857 0.008882
1 0.574703 0.369425 0.011136 0.003699
1 0.508000 0.480855 0.010909 0.007734
1 0.492102 0.499709 0.010654 0.007778
1 0.589656 0.501326 0.006846 0.013887
1 0.580360 0.501255 0.007379 0.014314
1 0.495075 0.528368 0.010390 0.008489
1 0.495175 0.539840 0.010588 0.007935
1 0.515403 0.539695 0.010629 0.008809
1 0.535356 0.539459 0.010896 0.008288
1 0.555708 0.539490 0.011990 0.009418
1 0.575629 0.530827 0.006846 0.014562
1 0.518982 0.565669 0.010955 0.004910
