1 0.416203 0.543589 0.004048 0.013237
1 0.435678 0.538778 0.007245 0.014755
1 0.435188 0.565294 0.006952 0.014739
1 0.434479 0.592743 0.006708 0.014312
1 0.440288 0.620283 0.011314 0.008747
1 0.462229 0.627941 0.010969 0.008895
1 0.461884 0.639911 0.011330 0.008328
1 0.466674 0.509146 0.007115 0.013825
1 0.480833 0.530833 0.006983 0.014312
1 0.500585 0.415066 0.008436 0.021008
1 0.574729 0.492965 0.006685 0.013858
0 0.568846 0.470121 0.020583 0.016954
1 0.445442 0.512984 0.006708 0.016806
1 0.436447 0.512087 0.006759 0.014874
1 0.551330 0.590328 0.006434 0.014881
1 0.560713 0.623599 0.002866 0.014149
