0 0.620227 0.734405 0.008101 0.019756
0 0.665913 0.494909 0.013170 0.011738
0 0.665903 0.511860 0.013190 0.011799
0 0.614592 0.512030 0.012865 0.011921
0 0.614533 0.495021 0.012865 0.012348
0 0.563111 0.495448 0.012825 0.011585
0 0.563358 0.512378 0.013007 0.011585
0 0.511390 0.495581 0.012975 0.011985
0 0.511400 0.512451 0.013088 0.011463
0 0.460085 0.495945 0.012857 0.011927
0 0.460392 0.512860 0.012979 0.011634
0 0.408703 0.495977 0.012946 0.012015
0 0.408703 0.513073 0.012683 0.011982
0 0.357429 0.496034 0.012703 0.012073
0 0.357224 0.513171 0.012926 0.012317
0 0.304728 0.496351 0.013231 0.012073
0 0.304645 0.513576 0.012845 0.012287
0 0.678476 0.257460 0.013344 0.012366
