0 0.598191 0.478631 0.006889 0.009140
0 0.606984 0.478421 0.006861 0.008805
0 0.615858 0.477880 0.006944 0.008973
0 0.619363 0.505027 0.005925 0.010335
0 0.615712 0.524030 0.005864 0.010000
0 0.446524 0.530338 0.005946 0.010030
0 0.446585 0.543707 0.005966 0.009787
0 0.419278 0.532570 0.005662 0.009817
0 0.425623 0.498863 0.005925 0.010122
0 0.432309 0.498512 0.005702 0.009726
0 0.472336 0.253902 0.006015 0.010098
0 0.466836 0.189012 0.005885 0.010335
0 0.466822 0.176174 0.007224 0.009055
0 0.616510 0.166018 0.005966 0.010537
0 0.624509 0.165799 0.006282 0.010244
0 0.638371 0.182332 0.005946 0.010701
0 0.646041 0.182119 0.006067 0.010518
