0 0.486437 0.258720 0.005702 0.009756
0 0.482877 0.277927 0.006006 0.010122
0 0.486636 0.304784 0.006920 0.008902
0 0.495463 0.304372 0.006838 0.008262
0 0.504241 0.303750 0.006656 0.008567
0 0.655256 0.236707 0.005986 0.009970
0 0.655528 0.250137 0.006015 0.010171
0 0.682526 0.247134 0.005925 0.010610
0 0.676573 0.280988 0.005966 0.010122
0 0.669897 0.281643 0.005844 0.009848
0 0.637666 0.604232 0.006534 0.008994
0 0.637531 0.591805 0.005745 0.010152
0 0.631452 0.526521 0.005927 0.010213
0 0.487769 0.617285 0.006069 0.009905
0 0.479809 0.617627 0.005929 0.010485
0 0.465808 0.601512 0.005783 0.010213
0 0.457980 0.602015 0.005834 0.010305
