0 0.452223 0.201527 0.006512 0.008659
0 0.474671 0.212000 0.006717 0.008841
0 0.474659 0.222131 0.006648 0.008872
0 0.453202 0.242665 0.006473 0.008872
0 0.444436 0.242582 0.006859 0.008902
0 0.636287 0.288439 0.006473 0.008780
0 0.679860 0.281537 0.006575 0.008720
0 0.688092 0.281738 0.005842 0.009951
0 0.483989 0.471777 0.005905 0.010518
0 0.483929 0.485159 0.005783 0.010061
0 0.483898 0.498552 0.005674 0.010098
0 0.465968 0.503104 0.006636 0.008689
0 0.453435 0.497085 0.006676 0.009024
0 0.680347 0.551476 0.006534 0.008567
0 0.680209 0.539707 0.006717 0.008872
0 0.691457 0.519341 0.006757 0.008994
0 0.691438 0.507329 0.006719 0.009177
