0 0.600420 0.546247 0.006636 0.008811
0 0.600268 0.534433 0.006696 0.008659
0 0.611435 0.514058 0.006696 0.009024
0 0.611425 0.502000 0.006676 0.008872
0 0.608026 0.276442 0.005783 0.010244
0 0.599949 0.276213 0.006676 0.008933
0 0.556110 0.283040 0.006737 0.009055
0 0.394452 0.216698 0.006656 0.008689
0 0.372948 0.237067 0.006717 0.008689
0 0.363937 0.237091 0.006696 0.008872
0 0.371912 0.196210 0.006757 0.008720
0 0.394312 0.206454 0.006696 0.008811
0 0.403760 0.466570 0.005864 0.010152
0 0.403750 0.479909 0.005966 0.010244
0 0.403709 0.493186 0.005763 0.010274
0 0.385651 0.497875 0.006534 0.008841
0 0.373083 0.491927 0.006678 0.008750
